4.369253
2.156499
4.442331
2.193364
4.587987
5.834155
2.958074
2.667663
5.794138
3.034653
2.931462
2.667233
2.719276
5.440513
3.140891
6.125958
3.245833
1.030764
1.192844
6.292502
2.918958
6.310491
3.178661
6.765648
3.327803
6.438272
3.393975
5.594830
2.760873
5.696384
3.325011
6.229837
2.785863
5.841851
2.460887
2.367068
5.054949
2.487695
4.697300
2.383314
1.643939
3.967004
1.907417
3.098750
6.179274
5.810285
2.754293
2.654535
5.149240
2.171647
5.667267
6.307282
2.962214
5.861330
2.990673
6.509906
3.604357
3.583142
7.088288
5.560586
2.954636
2.810587
5.775793
2.634036
3.139512
3.296423
6.914957
3.090436
1.725192
2.929874
1.457662
5.665832
3.065009
7.115491
3.516515
5.560524
2.755708
3.077291
6.496278
5.757922
2.582730
2.539219
5.853768
2.884391
2.579925
2.663094
5.603693
2.440009
2.743610
6.038639
2.810965
7.229455
3.393196
3.584967
2.494890
5.015328
2.344184
6.346073
2.964881
2.692693
4.639931
2.813132
2.795202
5.439444
5.413542
2.601112
5.228358
