6.841927
3.484135
3.535459
6.626315
5.487537
3.097328
4.627782
1.896542
1.442951
1.302016
2.444145
4.389174
2.105131
5.877956
3.003251
5.994734
2.482084
4.969242
3.535585
4.345289
2.133758
4.069479
2.846489
4.709710
2.563501
4.469209
2.457643
2.933206
4.678828
2.378690
4.897457
2.556459
4.961786
1.053096
2.614629
1.259496
2.510606
1.140318
1.865347
5.413680
2.521605
2.798750
5.141059
2.089160
2.643471
2.287710
4.152771
2.123510
4.443211
2.166170
4.721677
2.516686
5.104305
2.330291
4.579396
2.666188
4.177774
1.637568
3.704548
2.509349
5.356375
2.587911
2.554627
5.364890
2.488322
3.086206
2.600995
6.374467
5.988810
3.236769
5.811730
2.874054
5.759112
2.734273
5.438429
5.249876
2.741259
5.327103
3.179183
5.437889
2.089638
5.064728
2.616817
2.050361
4.192440
2.080008
5.854319
2.856724
2.417849
4.945465
2.700190
4.079096
1.656443
1.944449
4.013549
2.752107
4.853756
2.955953
4.578431
2.446452
4.481257
2.377513
5.981073
2.802543
2.876100
