4.138360
2.009252
4.640826
7.882050
2.143410
4.414799
2.422702
5.203082
2.482868
4.675769
2.138058
4.456961
2.115045
3.903734
2.327673
4.237865
4.638496
2.008029
5.007544
4.677789
2.188052
3.952732
5.018086
2.570052
5.419317
3.663043
4.928242
3.646947
2.027908
5.422341
5.347364
2.709221
3.632757
2.010272
4.299195
1.587770
4.101669
2.005500
4.219110
1.261849
3.815091
1.568545
3.243983
4.217977
5.091708
1.963787
2.422696
6.893741
2.790815
1.029490
1.047542
1.709666
1.838363
2.755148
1.052913
2.483441
2.122486
