2.473057
4.742398
2.258102
2.931566
5.559619
2.678148
2.844310
5.267165
2.232612
2.523685
2.269025
5.076541
2.493016
5.006028
2.724353
2.787161
5.829542
2.767559
6.594343
3.117849
2.463946
5.263261
2.968319
5.129751
2.668399
5.864137
2.451039
5.748139
2.519529
2.628979
5.426418
2.370594
3.295658
5.342597
3.068899
2.881968
5.787505
5.414219
2.848411
4.236047
2.068215
4.045146
2.195506
5.549165
2.394563
5.508368
2.382270
2.621576
5.291638
4.648467
2.076374
5.064381
