3.339750
6.911648
6.853701
3.484253
5.915864
2.852384
2.743024
2.995168
3.427989
7.057778
5.435852
2.707463
3.006605
3.318204
3.656894
2.957493
2.909322
3.330963
6.702157
7.231682
3.721123
8.516797
5.498206
2.695500
7.355920
3.428956
7.118642
3.234650
6.728165
3.251469
4.100612
2.151724
2.017748
2.770507
5.932159
4.733910
2.369117
4.821296
2.236506
5.020715
3.113228
5.961839
7.410054
3.846478
3.805572
7.266734
7.024887
3.546858
3.347273
6.468604
3.872084
3.977526
5.631872
2.929054
3.190488
5.948436
3.182617
