4.711224
2.697051
4.154660
2.161822
4.422273
5.025647
2.651752
6.676474
3.369033
5.783086
3.057489
2.932426
6.440345
3.065797
4.352291
2.088799
4.610031
2.303934
4.951150
2.455429
4.408410
2.214629
4.471334
5.265067
2.625158
5.444427
2.725524
5.922675
5.527493
2.630393
6.615216
3.321104
5.694884
3.053027
5.433751
2.776372
5.505470
2.870273
5.935225
7.812642
5.809699
3.002520
3.477574
6.819091
2.480625
4.980874
2.456004
5.308611
2.716684
4.979041
5.686606
2.555421
6.035801
2.904247
5.831453
2.839998
5.446776
2.782153
5.437036
2.548884
