4.474661
1.673310
3.377160
1.665032
4.306930
2.341238
4.442550
1.885624
4.086992
1.969958
2.006074
3.923075
2.028559
2.957411
3.171408
3.803338
7.577952
3.108541
5.968021
2.893470
5.494633
2.707030
3.212007
6.456631
6.306225
3.004800
3.764715
1.921694
3.850737
2.108369
5.262648
2.664019
2.468232
4.981934
2.736420
5.566694
2.888302
3.233632
6.440878
5.817560
3.120162
5.825637
3.362790
6.896771
3.123784
3.269985
3.390115
6.760749
3.378236
6.258774
3.260585
6.568734
3.275043
7.016112
3.482230
3.070263
3.218996
6.523398
5.561839
2.961173
5.657065
3.009795
2.429028
2.203568
4.654030
4.828804
2.518996
5.107937
4.174059
2.217609
2.258617
2.151105
4.135466
2.229743
2.322391
5.158316
2.383107
1.968781
4.311905
1.992001
