4.899821
2.213311
2.661728
2.692465
2.133232
3.528498
2.030353
3.790130
1.994994
4.034742
2.076567
1.751259
4.528233
2.126071
4.120003
2.288360
1.885927
4.686524
2.403782
2.416412
2.017664
4.758873
2.402078
2.518281
4.276734
2.200493
2.563175
5.116736
2.018064
2.378010
5.026072
4.414683
2.231849
4.874354
2.411998
4.024095
2.230638
4.012306
2.224607
1.809319
4.061054
2.589087
2.220228
4.942320
2.240836
3.342859
1.525503
3.324860
1.848978
3.555525
1.655535
3.944245
1.857640
2.363522
1.736999
3.905818
2.179126
2.087894
1.843088
4.074724
2.063159
2.866982
1.748550
2.660104
1.248592
2.895948
3.379665
1.532537
1.540062
3.598705
1.776328
2.165924
4.062426
2.068913
4.000518
1.614029
1.913052
4.157774
4.109132
2.199144
1.947421
1.903326
3.619561
2.016883
5.340747
2.786627
2.558244
3.879570
2.110290
2.211624
1.816239
3.448437
1.847528
1.747226
2.219510
2.463322
4.226114
4.068716
1.721310
1.879644
4.075387
2.180605
4.051175
2.046085
4.104278
3.556906
1.853661
3.700872
1.630044
2.007478
3.885308
1.999149
1.627549
2.730453
1.543999
1.379049
2.683544
1.781983
