2.178445
4.418663
2.227583
1.882909
3.911216
1.712311
2.111603
3.841094
1.759946
2.087330
3.869474
2.168759
2.196059
4.822257
2.032651
2.069809
4.994546
2.594543
4.090495
2.113981
3.999729
4.690924
2.295055
4.551051
1.985086
3.390206
1.737136
3.498269
2.155691
3.905233
2.202919
4.511091
1.854296
4.344413
2.209552
5.076748
2.326557
2.269816
4.415523
2.459020
2.164914
4.723039
2.258024
5.108190
2.225485
4.841092
2.441579
5.137843
2.631874
4.533785
2.594879
4.500991
2.230058
5.045628
4.547862
2.360541
4.848278
2.390859
4.896450
2.027404
4.600777
2.342026
4.883910
4.879709
3.046226
4.808810
4.982844
2.423880
2.147816
2.083237
4.925620
2.314784
2.579384
5.459800
2.832422
4.282603
2.321660
2.057883
4.495230
3.423306
1.846850
4.064672
2.413032
5.511553
2.639980
1.910592
1.909404
3.912833
1.828877
2.346026
2.129025
4.535668
2.221844
