4.242287
2.223154
2.040890
2.605477
5.022214
2.491979
2.862830
5.487985
2.486001
6.147892
3.135051
6.455959
3.231882
2.780025
5.770399
2.520756
6.048968
2.925837
5.626436
3.195572
5.369303
2.727363
2.761482
5.594879
2.927439
5.235780
2.578156
5.306837
2.934744
5.089811
2.587344
5.259154
2.712297
2.586108
5.037484
2.580452
5.995006
2.885419
3.196268
3.307213
4.962749
2.610529
2.287532
5.154418
2.718105
2.573697
5.078729
2.521242
5.091102
2.224044
5.050133
2.477502
5.473615
2.846271
6.032118
2.830520
5.663900
4.755577
2.410316
4.601525
2.241198
