5.608970
2.377872
5.700984
4.653060
2.541521
2.230241
2.511986
6.104367
5.079315
2.965465
2.722032
6.059046
2.779383
6.230296
2.638593
6.293989
3.104151
2.736459
3.385755
5.410874
2.965154
2.709413
5.670600
3.736919
6.679253
4.652481
2.254320
3.067968
2.605758
3.322111
5.906644
2.495119
6.330269
5.472605
2.473110
2.922001
5.857031
2.769699
5.535973
2.845235
5.160777
2.460642
6.424307
5.178266
2.909778
2.501347
2.429272
4.992974
2.046139
2.518297
5.747582
3.273278
3.513938
