387.161357
37.913852
2.827164
3.376403
13.821654
4.540248
19.920404
10.758321
12.747858
6.524181
7.264407
1.434262
19.950885
31.199059
6.320740
8.161941
2.797728
1.574414
3.038895
2.378145
2.010421
4.277413
1.681920
3.624031
10.982456
10.159140
7.096861
1.599795
11.495138
37.911369
25.123430
18.733010
1.458885
13.572487
30.037615
13.542716
3.386481
9.952137
20.765462
4.246663
20.500520
15.544150
3.167433
4.597198
33.540067
3.749497
1.947284
4.162572
27.213045
22.039220
29.751335
35.825270
1.197325
6.360390
4.352517
1.541941
13.026315
15.209991
1.866086
34.071660
23.557034
15.999965
17.420105
15.049846
4.721766
23.394684
33.494760
36.958955
8.594631
18.969669
1.201928
29.516157
23.294211
10.134672
28.891035
26.074211
15.486192
1.909016
31.879553
2.707228
1.987818
9.262864
7.711068
10.762988
8.299044
12.307481
13.326698
2.311491
1.389914
10.840350
6.046548
17.442434
20.216519
9.858140
16.705823
1.262939
3.385768
3.634973
6.506774
17.963979
4.845620
11.941253
2.500267
